9,17
63,40
25,16
3,21
1,38
65,66
64,27
13,10
29,15
49,69
52,51
68,65
61,55
61,40
1,4
65,49
68,51
49,39
39,63
3,27
53,56
43,68
40,69
15,2
15,26
61,45
31,2
9,28
61,31
47,61
1,2
40,57
8,33
29,3
59,59
69,61
3,19
52,59
1,29
26,13
3,1
49,41
23,14
10,3
27,6
24,23
4,27
65,45
67,53
21,4
4,19
35,65
19,6
36,1
26,25
50,53
19,9
52,55
9,35
57,25
65,63
1,26
57,42
51,53
53,38
7,21
3,7
61,53
29,12
53,57
3,29
27,17
36,55
57,33
59,68
53,65
7,9
5,35
6,3
51,48
26,1
54,41
63,53
11,33
68,43
60,31
27,3
1,24
1,10
23,20
56,37
65,26
67,41
7,13
53,69
49,48
47,39
48,67
51,35
19,13
69,31
32,5
11,19
26,19
13,5
1,13
33,62
61,67
61,63
57,67
13,29
33,27
43,43
56,21
50,41
23,3
25,3
15,6
53,68
61,41
59,51
7,22
49,54
5,10
31,17
66,69
3,43
69,43
46,33
5,20
63,55
55,43
63,38
21,13
64,51
39,66
15,17
5,4
47,69
57,57
67,56
5,25
9,7
27,5
57,52
25,11
18,17
33,4
63,29
4,25
12,3
59,16
17,35
15,22
55,57
35,43
47,49
63,35
48,59
49,38
15,1
65,31
5,9
6,17
4,9
25,21
21,12
49,57
28,1
65,34
7,7
49,45
15,36
29,11
41,62
9,1
15,25
63,23
67,63
1,23
31,19
64,63
11,32
2,3
61,23
47,38
47,54
53,51
55,52
67,35
2,29
17,0
33,3
65,52
31,1
67,37
43,33
11,6
66,45
50,67
20,5
12,31
15,28
65,32
60,21
58,65
7,16
61,59
30,3
52,33
27,15
9,27
67,57
56,59
48,65
5,14
64,43
63,57
29,4
68,33
7,3
13,19
60,69
23,21
9,18
65,30
49,40
56,29
55,39
15,9
29,8
53,41
5,1
2,21
21,11
62,67
46,43
35,66
38,3
21,15
57,65
57,69
57,63
9,31
48,33
17,5
63,69
32,69
23,1
33,1
49,55
62,65
39,69
65,61
33,64
10,27
31,18
43,35
27,25
47,28
9,21
63,64
55,32
2,7
58,61
6,29
21,18
13,14
59,43
70,43
65,56
7,2
21,5
60,29
8,7
67,58
52,41
59,41
3,12
51,41
69,55
59,52
61,48
51,65
66,29
61,39
27,10
33,21
65,69
57,28
15,19
15,10
13,15
45,51
43,42
59,31
3,2
4,31
27,11
62,25
12,11
23,7
7,17
27,20
56,65
10,25
47,57
9,15
13,8
23,8
55,70
69,68
31,0
52,61
46,65
11,23
49,58
53,35
55,40
42,63
42,69
45,65
7,31
59,33
45,57
11,2
62,33
9,5
63,37
51,57
31,5
47,63
57,31
54,59
57,22
60,27
39,60
31,24
41,63
23,17
41,64
21,2
7,15
51,49
27,22
13,27
11,29
65,37
1,7
55,68
58,35
25,23
59,63
30,15
45,49
7,27
69,53
47,40
7,30
59,27
54,53
65,43
52,67
29,21
58,47
19,3
30,17
37,13
13,11
1,21
15,11
25,15
63,27
67,60
56,47
45,53
15,7
11,11
29,10
16,29
8,21
57,24
31,7
25,5
53,58
55,44
21,23
19,17
65,41
59,54
45,69
32,15
47,59
39,65
55,66
59,65
19,20
54,61
0,15
69,28
39,53
25,1
49,51
53,33
47,45
45,54
49,43
65,65
55,50
63,43
69,63
59,61
45,55
47,62
37,68
21,21
3,16
18,1
18,9
58,33
69,65
1,12
65,27
57,70
24,3
33,15
25,6
26,9
57,44
63,49
64,39
1,14
52,45
52,65
1,11
63,25
27,31
11,27
59,56
7,23
49,31
63,63
9,12
64,47
29,9
39,47
47,60
9,33
38,65
27,27
13,25
25,4
69,39
10,9
18,35
61,47
11,13
9,13
61,51
7,24
3,15
56,35
10,23
43,34
56,63
5,22
67,50
4,5
59,25
27,1
59,45
64,55
13,20
69,67
25,14
48,37
19,1
55,69
31,57
49,64
63,30
61,62
3,41
16,11
53,59
57,60
11,1
45,70
6,7
60,19
23,13
9,11
61,66
49,46
37,67
69,59
12,17
13,0
52,31
55,31
64,45
55,48
55,45
68,39
30,7
47,42
3,33
67,64
55,62
65,36
64,69
44,67
7,1
67,43
13,26
31,69
17,9
69,36
69,69
55,67
49,61
39,58
16,7
62,29
1,18
17,12
23,10
65,35
22,23
1,9
61,25
59,36
68,67
58,57
5,7
23,19
60,23
55,59
59,49
57,50
66,63
5,24
61,33
61,69
21,8
22,5
47,44
15,31
63,41
6,13
13,37
11,15
53,47
57,47
15,16
51,59
31,25
67,36
13,4
16,37
59,64
63,61
57,53
10,35
27,13
53,37
49,63
1,17
47,51
13,38
41,61
3,25
63,42
56,55
11,22
69,54
49,49
51,31
3,5
17,27
67,31
23,9
51,45
54,33
59,58
29,13
55,26
7,25
5,27
55,41
12,35
26,27
11,5
62,53
59,40
53,27
21,17
9,4
66,37
20,19
18,27
61,18
57,34
47,48
62,45
4,13
21,10
59,39
67,67
57,51
16,3
54,47
53,45
18,3
63,65
34,57
15,5
47,56
3,13
7,26
51,34
25,24
13,13
25,7
70,67
45,67
55,37
68,45
60,25
49,67
35,70
29,19
1,34
62,61
46,57
13,41
69,57
3,23
7,35
57,38
42,65
11,34
60,55
19,7
65,47
67,45
11,25
33,69
59,69
6,27
29,26
67,29
5,13
55,42
69,62
66,43
53,53
65,68
45,63
66,65
51,69
51,55
52,63
65,48
13,12
31,21
25,2
65,59
58,43
27,9
41,69
65,67
69,58
13,31
51,50
11,9
6,1
1,30
14,43
65,51
30,65
12,23
59,37
32,13
67,49
13,1
5,18
27,7
63,45
13,9
19,11
5,11
0,39
53,46
23,6
68,61
40,67
67,65
35,64
1,1
8,9
43,56
6,33
52,53
47,43
42,59
69,30
29,5
47,68
1,35
13,21
20,9
30,23
55,63
43,61
58,29
49,50
35,1
5,19
63,51
57,35
43,67
17,3
13,7
2,19
56,31
46,61
39,62
63,60
2,31
62,51
7,32
45,61
61,46
21,1
11,36
47,36
17,4
22,1
54,55
3,31
21,66
57,39
57,27
11,21
69,38
35,63
24,13
16,13
5,21
22,19
61,43
28,15
54,65
15,27
2,25
37,55
54,37
57,49
55,53
57,40
54,63
27,2
60,59
62,69
17,23
9,3
8,15
69,33
19,19
1,42
1,33
23,5
24,21
9,20
49,60
61,60
47,65
43,66
60,35
17,25
37,57
55,65
31,10
66,47
15,40
13,30
61,29
53,39
51,36
69,37
54,43
55,55
50,43
3,17
49,66
55,35
65,62
45,58
59,53
25,19
63,47
57,41
46,67
5,6
5,36
1,36
1,25
10,15
2,15
14,7
68,53
1,19
47,47
59,23
61,35
57,29
49,59
10,7
29,17
9,9
61,61
5,16
37,1
5,8
51,63
49,70
66,53
0,21
11,17
59,32
53,63
41,65
30,21
66,59
69,51
55,33
63,33
64,59
27,16
65,50
47,41
62,37
52,39
67,33
35,29
19,5
11,7
23,33
26,23
21,16
1,27
21,7
25,17
24,17
3,28
44,63
69,49
55,61
23,23
65,29
37,63
34,13
67,32
27,21
43,69
45,41
57,26
63,26
55,49
55,30
59,38
3,0
7,29
61,27
67,61
65,33
58,67
69,26
2,23
55,47
59,50
1,31
57,55
13,6
21,3
54,49
3,11
67,55
18,29
65,39
28,7
67,42
50,69
64,35
49,47
36,23
55,51
64,19
45,62
46,47
1,37
28,25
53,29
60,43
17,1
17,8
61,42
60,49
35,9
8,1
63,31
61,44
5,5
37,4
9,19
59,57
65,55
60,65
7,19
22,13
69,34
57,59
50,37
41,54
70,59
51,39
52,43
67,47
39,39
27,19
49,53
25,8
65,40
44,39
1,6
5,33
57,37
17,7
55,27
67,69
17,31
29,27
25,25
51,37
69,45
28,5
63,34
2,33
59,48
53,43
59,62
57,54
29,14
5,31
5,29
1,3
47,37
67,59
65,53
5,23
54,35
41,67
9,10
14,17
63,32
29,1
50,63
45,59
49,52
43,63
8,29
1,41
14,3
45,43
20,1
63,54
1,39
4,33
61,49
12,15
23,11
58,27
8,5
59,67
7,5
69,56
27,12
61,37
10,17
47,67
17,29
50,57
57,19
37,66
3,9
5,34
21,22
13,18
5,3
43,65
1,5
24,11
17,17
25,9
53,49
51,67
49,56
2,9
62,49
5,15
59,29
11,12
23,18
60,37
18,15
36,69
53,67
36,51
69,35
3,3
5,17
27,18
48,45
63,9
11,38
23,29
15,3
36,21
39,20
29,23
69,24
2,45
48,21
9,57
41,57
45,45
7,43
51,12
21,33
37,29
5,69
17,39
7,37
35,5
41,48
31,51
41,33
30,29
49,8
2,43
5,37
19,38
25,70
47,13
50,27
67,5
5,62
47,50
33,51
1,66
59,11
33,55
19,10
27,54
67,26
4,39
65,5
53,23
6,63
23,25
29,49
48,5
39,37
45,7
10,31
5,47
13,35
5,45
55,9
20,35
21,49
43,1
69,9
44,7
39,49
35,62
56,17
19,32
11,50
37,46
69,6
9,58
55,8
42,31
43,39
69,8
52,9
27,53
31,54
41,38
35,15
45,18
24,67
29,45
67,21
4,63
7,56
18,21
3,42
67,7
33,30
57,23
67,2
65,22
45,17
39,41
31,45
27,41
39,25
53,9
2,69
63,4
36,13
43,19
27,59
23,15
27,63
23,61
29,63
16,33
61,0
51,43
13,51
21,63
40,51
5,55
47,23
17,51
4,65
30,33
13,23
33,68
27,69
29,41
51,24
43,4
15,67
35,3
17,61
32,57
69,27
20,63
53,2
17,65
17,53
7,69
59,13
35,31
43,15
7,67
43,23
13,49
25,41
16,43
28,57
33,63
26,37
48,13
51,23
37,39
9,49
63,19
39,21
41,7
1,51
13,33
31,65
15,32
33,41
9,63
19,63
10,43
57,13
54,15
49,1
7,48
35,23
58,9
5,53
47,35
55,1
33,53
33,61
42,47
37,10
39,50
53,55
49,16
65,2
17,49
43,18
20,51
23,60
44,11
56,15
19,31
21,45
5,50
30,57
19,47
25,58
62,57
6,39
9,25
69,25
43,48
63,59
29,68
15,45
65,25
65,15
18,51
9,61
15,59
32,53
23,46
15,66
19,43
14,63
25,42
61,17
65,19
22,67
67,11
41,59
21,48
69,3
35,69
67,6
29,35
43,5
39,15
68,13
35,28
56,13
35,20
33,25
37,49
23,49
34,23
7,52
16,25
45,26
58,17
31,30
8,69
37,21
7,47
43,30
69,29
37,3
33,5
35,14
15,29
38,53
4,69
57,61
50,7
37,33
8,49
15,50
33,8
31,31
5,58
31,53
35,46
5,65
58,45
33,11
69,11
39,45
55,12
1,63
32,33
41,36
17,69
28,65
44,59
69,4
9,51
33,39
36,17
13,67
41,31
69,21
19,36
51,10
34,11
55,4
19,54
29,51
69,50
56,1
63,21
8,45
5,60
29,47
38,37
68,29
68,17
28,49
51,9
62,11
58,15
38,1
21,55
47,17
13,55
45,35
52,7
1,55
8,63
33,26
43,21
69,48
40,61
1,69
32,11
42,23
3,35
40,25
43,31
49,29
29,44
7,33
33,67
19,33
13,65
9,68
57,7
38,15
26,39
49,13
53,11
4,55
32,63
35,45
45,15
12,47
68,11
7,41
37,61
64,1
51,17
50,21
10,49
10,59
3,48
36,33
29,29
32,51
29,33
56,19
49,21
17,47
21,67
61,11
3,55
41,15
31,59
47,53
35,10
41,3
40,3
12,25
59,21
23,28
58,1
27,39
35,53
57,15
37,64
27,37
18,33
32,31
17,44
33,40
57,3
15,49
67,0
32,59
47,25
16,55
3,40
23,64
51,1
51,26
64,15
39,44
65,1
63,7
11,39
59,47
31,33
13,53
42,9
8,25
19,27
69,20
24,65
39,30
19,56
35,55
15,57
11,3
51,15
55,7
27,62
27,49
57,17
15,46
50,15
17,11
14,45
67,13
41,43
29,43
31,56
65,13
15,48
25,49
17,30
11,53
69,17
60,9
17,15
12,51
27,33
23,50
26,53
18,57
43,44
29,57
25,51
68,47
34,41
3,61
35,52
55,21
34,27
17,16
39,3
49,33
51,7
15,69
27,34
2,61
45,1
19,24
25,39
37,59
64,7
21,35
4,45
41,21
19,53
58,11
34,1
25,61
37,41
35,7
15,51
25,32
11,41
26,49
47,27
62,7
41,11
19,55
12,41
23,53
10,57
8,51
40,27
43,55
44,51
61,9
23,34
42,51
53,19
40,55
23,57
49,37
9,45
19,39
23,30
29,39
47,33
37,28
68,3
38,21
49,2
27,65
18,45
9,65
29,28
23,31
27,46
41,13
51,19
9,67
35,33
19,52
67,17
33,23
30,61
54,29
49,17
69,16
31,47
62,13
53,1
49,23
45,5
16,63
37,43
41,18
31,43
52,5
0,47
3,45
41,30
39,23
39,38
1,61
37,65
1,65
27,45
41,53
14,65
35,35
11,63
47,26
37,19
66,39
43,13
45,9
27,30
18,65
29,32
13,68
36,5
3,53
22,49
19,37
9,42
51,51
67,9
7,53
29,53
29,59
61,7
30,37
7,59
9,39
19,49
48,9
5,61
40,1
21,25
55,6
11,43
65,12
16,41
51,4
28,37
37,53
6,47
36,29
26,61
27,47
1,58
63,2
49,19
33,7
25,34
42,13
64,17
7,45
46,35
18,49
22,41
6,53
67,28
36,25
5,43
1,47
43,29
38,25
27,57
67,15
10,63
22,35
39,11
43,17
12,43
35,41
25,67
17,46
63,3
19,12
11,60
3,63
15,15
15,53
59,19
13,56
42,27
20,33
39,8
36,41
49,34
44,53
29,25
65,23
23,27
21,60
60,11
47,31
5,44
35,47
9,23
57,1
38,7
7,36
59,3
37,48
51,25
59,5
65,57
40,17
28,39
29,31
33,33
35,16
44,41
31,44
45,29
35,51
11,57
32,47
38,49
8,61
12,63
31,60
36,53
33,47
15,47
41,27
45,56
63,20
35,57
63,17
36,39
62,23
69,14
45,25
21,65
24,47
21,32
41,20
59,35
51,11
27,61
15,33
19,23
5,51
39,10
39,18
46,1
54,7
18,39
8,55
11,70
28,51
41,51
19,68
66,17
53,61
45,27
9,55
28,19
66,23
15,21
63,39
48,3
49,11
59,14
21,50
29,66
49,3
69,15
24,63
25,33
17,19
47,21
57,12
69,41
59,15
10,41
69,47
33,37
35,13
13,59
35,17
9,29
3,49
46,19
51,5
21,37
17,68
31,42
35,11
27,43
57,6
30,47
11,61
28,59
55,15
11,55
17,58
37,8
61,65
41,17
36,35
8,19
41,37
47,12
64,11
67,3
47,10
19,70
34,59
33,45
24,57
57,21
11,65
27,42
29,52
41,45
39,13
11,35
1,67
13,63
33,29
61,56
37,37
59,17
32,23
51,47
9,62
69,23
27,68
1,43
66,15
36,61
7,61
11,31
21,47
42,41
51,3
37,12
35,36
39,55
23,47
41,23
29,61
49,15
22,69
42,25
7,39
3,67
37,36
18,23
47,14
4,57
61,16
31,63
17,55
3,39
16,61
70,11
25,37
53,22
45,23
37,11
30,63
27,28
15,13
29,54
14,25
37,31
22,37
29,37
43,11
25,47
44,45
23,63
25,54
3,65
25,27
24,27
61,3
11,69
57,9
1,50
43,49
17,37
29,69
19,61
60,13
32,21
31,26
17,59
3,69
45,37
47,11
19,25
53,15
38,59
19,15
13,45
63,10
20,65
34,55
63,67
1,57
39,43
27,35
40,33
33,49
15,23
29,36
21,40
19,26
14,39
61,15
10,55
45,47
24,61
53,5
53,17
39,5
65,11
33,9
5,68
48,19
37,2
17,41
41,39
34,7
28,31
51,33
43,20
21,54
15,61
46,39
31,29
61,57
39,40
41,19
3,57
41,6
31,27
47,16
2,57
16,23
24,31
38,23
31,28
57,8
13,43
22,63
21,39
23,65
7,49
34,19
31,55
37,51
67,20
45,22
21,62
15,14
27,51
8,35
37,16
5,52
61,5
31,3
39,32
13,61
31,23
20,25
16,51
26,65
1,53
37,23
2,67
28,63
49,65
37,25
68,23
43,41
4,49
43,57
37,30
55,19
25,31
15,37
17,21
22,43
34,37
55,10
57,45
47,8
10,65
44,37
43,50
15,35
19,67
19,35
15,43
40,43
5,41
9,41
55,56
43,53
37,17
53,26
25,57
39,29
11,59
47,3
62,15
5,63
38,41
12,55
39,54
35,37
25,43
19,29
42,11
33,16
41,16
34,33
62,5
15,70
18,41
65,9
42,5
9,54
13,17
7,40
1,56
6,67
23,41
41,14
7,55
55,20
25,30
51,18
33,43
43,22
61,21
59,6
11,45
3,37
39,9
49,30
41,29
41,4
31,20
5,39
1,59
55,3
8,39
23,42
42,39
35,61
3,51
43,3
1,54
45,10
25,65
63,1
33,54
25,59
37,15
37,7
31,49
9,66
45,6
53,25
55,13
3,60
27,23
31,37
9,59
54,13
6,43
47,7
3,59
21,59
21,57
43,51
7,12
39,33
32,35
14,59
25,13
45,19
62,21
2,63
55,23
11,47
43,25
45,30
11,37
27,44
33,18
34,61
19,14
15,65
41,41
41,9
24,51
23,51
53,28
23,43
61,8
33,31
39,17
36,59
45,4
43,16
27,67
53,3
12,29
36,49
50,11
29,7
3,36
45,11
47,55
65,14
47,9
1,52
24,39
50,31
36,7
49,6
40,41
26,67
31,38
45,8
19,21
59,1
44,25
3,54
9,43
63,11
16,53
49,28
10,67
49,24
19,44
70,1
53,18
53,13
12,65
25,53
7,63
11,44
53,4
65,21
55,24
14,49
51,21
7,44
25,44
9,53
51,29
17,67
67,19
25,35
63,15
33,6
22,31
5,57
25,63
39,34
28,35
47,1
67,23
21,19
19,51
24,55
23,59
33,44
65,17
20,27
61,19
45,24
17,45
7,11
14,23
45,20
39,6
31,61
54,23
53,7
21,53
10,47
43,28
46,29
3,47
67,10
50,3
37,32
32,41
2,47
61,2
35,19
66,9
37,47
9,37
21,43
23,68
27,55
45,13
33,50
67,27
8,41
7,10
33,59
31,8
15,58
41,25
54,1
13,40
9,69
19,57
45,28
41,1
17,18
33,48
37,35
43,9
1,15
26,47
23,37
31,13
14,61
23,44
47,5
12,69
17,13
10,51
30,69
21,38
49,5
39,31
30,41
20,43
45,12
3,38
34,67
57,11
19,58
66,19
47,19
35,38
7,57
41,55
15,52
4,67
59,7
39,51
49,22
11,49
13,3
14,33
49,25
17,62
69,22
9,46
30,49
31,9
13,46
49,32
64,23
59,55
27,29
29,55
33,19
55,11
45,33
31,15
43,37
6,57
1,45
34,31
45,39
39,14
30,51
67,51
39,19
11,52
39,35
15,41
57,43
25,29
46,49
29,60
33,34
13,54
6,65
46,5
49,18
52,29
21,31
43,0
5,49
17,63
69,13
11,20
37,9
67,1
13,69
33,65
20,29
39,57
60,5
11,51
53,20
5,42
42,33
34,3
43,7
17,48
14,29
37,44
63,13
6,37
21,41
23,67
65,7
37,5
17,38
51,61
21,9
57,4
31,66
39,1
35,42
5,59
1,64
69,7
53,31
38,57
37,56
31,11
54,17
31,41
11,67
39,67
21,46
47,29
23,45
66,55
47,52
49,7
26,59
35,39
67,25
13,57
41,49
26,51
21,69
34,21
19,41
16,19
58,5
19,69
20,47
14,35
33,35
39,61
39,27
19,65
69,18
17,66
48,25
41,47
57,5
39,28
25,36
22,27
49,35
66,5
7,65
33,46
37,45
45,46
51,14
52,15
17,43
60,3
59,9
53,21
12,59
31,35
42,53
25,45
65,4
52,23
59,24
55,5
29,67
50,1
61,1
47,22
23,39
33,57
15,68
65,8
21,56
37,18
23,35
23,52
55,29
19,60
62,19
51,46
35,25
33,13
39,59
51,13
44,33
27,48
32,37
41,46
1,49
42,43
49,27
0,61
39,46
31,46
29,65
46,15
17,57
9,47
69,19
27,56
34,49
17,64
9,38
41,5
45,31
25,69
5,67
24,37
51,27
35,27
43,47
41,35
39,7
15,55
23,69
43,27
35,44
34,25
18,61
13,39
44,15
37,27
14,55
35,67
47,32
40,23
43,59
35,59
45,3
19,59
33,17
21,51
47,15
63,5
15,39
55,17
67,39
43,2
69,5
53,10
41,8
29,40
25,40
0,45
15,20
57,2
31,39
45,2
42,57
21,58
45,21
21,29
2,51
25,55
15,63
19,45
40,11
17,33
31,67
49,9
4,53
21,61
28,43
13,47
22,25
55,25
61,13
7,60
43,60
58,19
37,69
22,55
15,56
7,51
43,36
35,49
69,1
35,21
43,45
65,3
23,55
8,65
21,27
51,20
69,40
34,48
52,0
59,8
68,59
16,36
46,3
6,56
31,62
32,48
62,50
56,68
27,70
70,16
50,51
40,12
5,26
12,54
66,0
1,22
37,0
6,68
18,69
59,34
34,60
24,30
62,55
32,8
2,37
54,51
54,16
8,30
16,58
18,53
70,2
33,12
42,10
4,66
10,33
64,33
7,54
38,16
30,10
58,21
18,58
38,11
1,40
64,42
34,64
16,44
47,64
50,49
67,18
16,46
26,63
8,18
38,22
68,32
37,34
68,34
36,2
0,67
50,18
24,14
24,50
58,41
70,36
1,60
30,28
4,58
18,18
22,70
11,14
16,52
15,12
27,50
14,36
30,9
25,48
34,36
30,60
70,12
60,8
6,60
2,18
32,14
8,40
54,0
42,29
44,3
64,68
22,0
20,45
18,42
35,8
62,17
57,20
59,28
44,2
53,44
6,48
12,10
38,14
11,42
10,32
48,63
24,49
18,59
36,9
46,25
26,56
0,63
60,0
12,18
37,14
16,54
51,2
44,49
65,70
63,36
46,21
8,16
48,4
67,14
14,50
10,5
10,62
42,22
60,20
70,9
70,39
12,39
34,40
32,58
32,3
30,59
40,20
24,38
17,20
8,14
58,36
40,44
22,33
33,22
0,68
32,65
42,42
18,54
70,38
21,28
36,8
59,30
30,39
14,10
52,16
20,26
60,2
43,10
52,44
44,29
70,48
12,58
7,14
19,30
31,12
46,50
24,68
12,13
42,28
56,3
39,0
24,29
2,14
57,10
66,2
18,44
14,20
66,32
44,8
3,62
0,11
28,41
46,8
28,58
61,36
15,44
24,45
28,33
10,64
40,16
46,48
7,34
38,2
0,18
68,26
35,40
52,4
68,41
68,10
24,36
6,30
48,32
2,28
66,36
65,0
56,10
48,38
0,42
70,46
20,16
36,28
31,22
19,66
16,8
62,70
1,32
56,44
10,56
51,44
16,59
16,67
0,9
0,27
30,11
62,20
51,0
68,16
36,50
6,59
68,40
38,52
32,19
64,18
34,20
62,8
14,47
52,19
33,10
16,38
2,39
28,6
4,28
53,0
10,40
6,9
5,30
68,20
8,10
0,55
34,62
70,52
9,34
70,18
68,36
14,44
19,40
0,56
24,15
70,35
50,5
28,61
32,22
12,52
34,44
66,50
18,46
20,12
12,42
20,48
62,58
54,40
22,60
33,0
28,38
31,16
26,2
5,48
15,64
66,26
41,42
61,4
66,4
11,24
60,39
16,65
69,44
49,20
8,66
4,62
34,45
13,50
56,8
48,41
56,5
16,62
28,45
18,36
26,55
64,66
41,10
64,22
58,22
62,48
27,58
11,58
18,60
38,27
6,32
30,24
28,36
12,33
36,58
48,8
32,45
65,44
66,18
61,20
2,66
54,45
1,44
0,24
56,42
35,60
60,46
10,12
46,20
8,70
64,10
64,20
0,70
12,27
62,32
0,16
14,66
43,46
60,26
60,70
70,6
8,44
3,58
36,45
20,66
28,17
60,50
36,70
15,38
39,52
49,62
9,22
68,54
59,42
22,26
2,46
55,16
14,58
31,34
60,45
44,26
68,56
34,17
32,10
39,12
7,18
38,33
56,7
50,52
10,8
32,29
18,14
12,49
68,14
26,69
12,5
52,20
39,4
64,26
9,6
18,68
3,14
46,14
17,6
9,14
25,46
67,40
18,30
69,32
54,52
52,11
38,35
56,36
8,12
10,20
52,35
10,66
42,32
20,41
60,6
30,48
10,45
8,31
38,18
70,27
22,28
6,5
70,49
48,1
1,28
25,68
0,53
4,44
9,2
0,33
13,64
45,14
10,36
11,18
8,43
8,64
48,40
38,46
13,24
28,24
48,39
10,29
35,2
48,2
8,67
10,39
37,6
12,22
2,38
7,42
47,20
18,40
32,49
24,28
20,13
66,44
66,35
44,12
58,24
24,44
7,68
30,35
70,8
46,11
23,62
42,15
70,33
30,12
21,70
46,2
60,4
11,40
68,38
12,32
23,56
48,64
56,32
52,48
0,10
22,45
16,30
24,56
29,18
34,32
61,24
2,26
70,25
50,13
28,16
0,58
61,52
5,70
27,32
32,62
17,34
28,20
41,26
40,26
29,48
50,62
3,44
56,40
24,58
54,66
24,35
37,62
0,23
40,19
15,34
6,66
30,46
60,10
13,52
4,4
40,22
61,14
34,38
16,31
59,60
66,41
32,54
10,54
65,16
9,52
16,28
28,32
47,46
12,24
6,44
23,66
14,46
38,29
58,18
60,44
63,48
41,12
4,42
65,58
4,37
4,6
6,14
31,70
16,18
51,28
56,34
7,50
14,60
62,30
62,35
2,11
16,40
50,10
28,2
58,42
42,46
4,61
8,26
26,10
42,8
32,55
26,50
44,56
46,58
11,10
0,59
34,29
52,47
0,4
48,29
40,47
2,49
30,43
9,70
2,59
12,48
34,56
64,46
61,38
40,56
14,31
28,42
35,18
57,16
8,38
15,30
22,59
3,34
26,16
11,68
43,14
7,70
41,58
44,58
4,36
28,30
23,58
8,36
54,5
12,46
2,58
16,17
16,0
4,23
18,64
48,36
43,24
32,34
38,12
48,10
8,54
28,48
30,25
7,20
63,24
23,0
65,38
6,21
46,55
34,12
6,42
54,30
40,52
48,6
26,21
67,8
65,64
32,52
10,24
27,8
28,28
52,22
36,0
25,50
24,7
2,2
16,68
64,25
52,54
69,12
62,64
10,2
26,38
16,26
56,41
44,47
63,0
31,48
28,53
36,16
50,22
14,38
17,2
64,21
56,54
0,31
34,6
20,53
53,52
14,12
35,22
31,36
8,47
48,28
54,67
65,28
43,32
61,28
64,65
62,24
60,32
24,18
26,28
60,14
22,30
0,43
66,8
34,43
36,12
6,12
53,16
20,70
25,26
46,13
68,30
20,61
30,2
4,21
40,54
25,0
5,54
28,18
64,61
16,24
36,14
29,42
18,38
50,58
25,62
52,18
56,46
37,26
58,16
18,55
64,30
1,0
56,9
18,32
60,18
35,0
38,68
12,28
54,6
52,32
14,30
16,9
28,29
38,39
9,8
60,33
66,51
8,4
17,54
43,58
62,1
62,36
8,56
59,70
18,13
32,36
4,60
30,5
46,0
34,8
10,46
24,64
24,10
66,57
23,2
54,54
68,64
40,40
34,68
58,56
64,49
20,67
60,53
54,70
40,13
18,0
8,28
27,24
18,6
4,15
20,23
24,16
52,50
64,16
24,59
20,69
60,60
11,8
0,8
12,38
68,48
40,48
68,8
0,50
8,37
51,70
23,24
52,28
34,28
22,32
65,6
0,30
14,64
22,6
28,56
65,20
9,24
20,64
8,17
10,37
24,66
49,0
12,9
53,34
44,32
53,70
36,44
24,52
65,46
3,56
40,34
5,64
21,52
29,2
52,40
40,60
38,5
6,26
26,68
14,68
58,34
44,46
53,64
17,28
25,38
44,40
33,70
53,36
13,60
26,54
0,19
37,60
50,32
10,52
48,16
34,24
32,70
44,30
47,30
70,44
24,1
42,35
14,53
36,24
30,13
60,24
53,8
37,58
0,7
58,53
57,64
44,44
35,4
42,52
57,30
3,52
30,16
47,18
60,22
42,54
42,30
39,68
6,0
4,29
31,40
55,38
50,47
4,47
54,60
15,62
70,58
68,70
66,61
34,2
54,10
5,12
12,8
40,53
52,30
46,37
36,27
70,64
41,28
20,46
60,7
32,56
52,3
44,50
16,5
36,32
56,53
42,4
13,62
32,44
48,20
11,30
62,0
2,4
52,27
62,62
23,22
52,49
56,48
54,68
47,2
12,44
20,31
26,32
14,32
56,25
20,30
58,69
22,58
40,0
48,57
34,14
5,38
30,26
70,29
28,60
49,14
54,58
36,6
30,45
22,62
70,41
6,6
8,0
50,55
66,14
34,39
36,4
40,7
19,16
48,18
10,14
0,32
32,2
55,46
54,31
52,24
68,27
54,39
32,43
24,70
40,64
18,7
50,66
46,36
12,4
60,61
30,30
14,19
68,19
16,15
40,28
6,19
9,32
68,28
59,18
28,69
48,68
8,11
20,10
14,54
52,34
37,22
24,5
22,21
28,55
10,13
45,36
52,69
10,28
8,8
52,62
55,64
59,46
48,55
5,28
25,18
52,70
68,5
34,18
58,31
0,62
66,54
51,60
51,6
42,7
48,48
12,66
63,8
41,60
8,52
59,12
26,15
3,26
14,26
40,31
22,12
40,32
16,32
70,60
44,1
66,16
41,56
23,16
32,0
34,4
58,58
13,48
24,19
28,64
21,20
66,10
58,10
20,52
20,7
25,12
28,54
3,64
2,13
7,4
18,47
24,54
64,48
48,0
38,45
11,66
16,2
14,15
14,28
19,4
56,52
60,30
